113,706, 0.7631578947368421, 604, 0.6578947368421053, 1003, 0.6578947368421053

131,998, 0.6578947368421053

188,1253, 0.7631578947368421, 604, 0.7368421052631579, 717, 0.7368421052631579

202,924, 0.7631578947368421, 701, 0.7368421052631579, 849, 0.7105263157894737

211,890, 0.7105263157894737, 1271, 0.6842105263157895, 717, 0.6578947368421053

251,583, 0.6842105263157895, 701, 0.631578947368421, 746, 0.631578947368421

267,1121, 0.6842105263157895, 924, 0.6578947368421053, 603, 0.631578947368421

294,630, 0.6842105263157895, 655, 0.6578947368421053, 849, 0.6578947368421053

316,924, 0.7894736842105263, 640, 0.6842105263157895, 839, 0.6842105263157895

319,712, 0.7368421052631579, 875, 0.7368421052631579, 1258, 0.7368421052631579

334,655, 0.7368421052631579, 701, 0.7105263157894737, 764, 0.7105263157894737

358,583, 0.6842105263157895, 837, 0.6842105263157895, 844, 0.6842105263157895

377,764, 0.7105263157894737, 1271, 0.6842105263157895, 583, 0.6578947368421053

413,587, 0.7368421052631579, 583, 0.6842105263157895, 1271, 0.6842105263157895

433,875, 0.7105263157894737, 1121, 0.7105263157894737, 640, 0.6842105263157895

452,701, 0.7631578947368421, 1253, 0.7631578947368421, 717, 0.7368421052631579

461,924, 0.7631578947368421, 583, 0.6842105263157895, 837, 0.6842105263157895

480,844, 0.8157894736842105, 924, 0.7894736842105263, 778, 0.7631578947368421

482,701, 0.8157894736842105, 844, 0.7631578947368421, 712, 0.7368421052631579

491,712, 0.7105263157894737, 671, 0.6842105263157895, 701, 0.6842105263157895

496,891, 0.6842105263157895, 998, 0.6842105263157895, 655, 0.6578947368421053

579,480, 0.7368421052631579, 188, 0.631578947368421, 316, 0.631578947368421

582,358, 0.6578947368421053, 482, 0.6578947368421053, 1020, 0.6578947368421053

583,251, 0.6842105263157895, 358, 0.6842105263157895, 413, 0.6842105263157895

587,413, 0.7368421052631579, 358, 0.6578947368421053, 113, 0.631578947368421

603,480, 0.7105263157894737, 202, 0.6578947368421053, 433, 0.6578947368421053

604,188, 0.7368421052631579, 334, 0.6842105263157895, 1134, 0.6842105263157895

630,482, 0.7105263157894737, 294, 0.6842105263157895, 480, 0.6842105263157895

640,316, 0.6842105263157895, 433, 0.6842105263157895, 480, 0.6842105263157895

655,334, 0.7368421052631579, 452, 0.7105263157894737, 188, 0.6578947368421053

671,482, 0.6842105263157895, 491, 0.6842105263157895, 316, 0.6578947368421053

695,188, 0.7105263157894737, 452, 0.6578947368421053, 491, 0.6578947368421053

700,433, 0.6578947368421053, 211, 0.6052631578947368, 316, 0.6052631578947368

701,482, 0.8157894736842105, 452, 0.7631578947368421, 202, 0.7368421052631579

706,113, 0.7631578947368421, 491, 0.6842105263157895, 211, 0.631578947368421

712,319, 0.7368421052631579, 480, 0.7368421052631579, 482, 0.7368421052631579

717,188, 0.7368421052631579, 452, 0.7368421052631579, 334, 0.6842105263157895

746,188, 0.631578947368421, 251, 0.631578947368421, 377, 0.631578947368421

764,334, 0.7105263157894737, 377, 0.7105263157894737, 480, 0.7105263157894737

778,480, 0.7631578947368421, 316, 0.6578947368421053, 482, 0.6578947368421053

783,294, 0.631578947368421, 319, 0.6052631578947368, 433, 0.6052631578947368

825,480, 0.6842105263157895, 294, 0.6052631578947368, 316, 0.6052631578947368

829,334, 0.631578947368421, 482, 0.631578947368421, 480, 0.6052631578947368

837,480, 0.7105263157894737, 482, 0.7105263157894737, 358, 0.6842105263157895

839,316, 0.6842105263157895, 461, 0.6842105263157895, 480, 0.6842105263157895

844,480, 0.8157894736842105, 482, 0.7631578947368421, 316, 0.6842105263157895

849,202, 0.7105263157894737, 334, 0.7105263157894737, 358, 0.6842105263157895

875,319, 0.7368421052631579, 433, 0.7105263157894737, 482, 0.7105263157894737

890,482, 0.7368421052631579, 211, 0.7105263157894737, 480, 0.6842105263157895

891,319, 0.6842105263157895, 496, 0.6842105263157895, 1134, 0.6842105263157895

905,188, 0.7105263157894737, 334, 0.6578947368421053, 452, 0.6578947368421053

924,316, 0.7894736842105263, 480, 0.7894736842105263, 202, 0.7631578947368421

949,334, 0.6842105263157895, 358, 0.631578947368421, 452, 0.631578947368421

981,1134, 0.6578947368421053, 202, 0.631578947368421, 211, 0.631578947368421

998,188, 0.7105263157894737, 480, 0.7105263157894737, 202, 0.6842105263157895

1001,1003, 0.7105263157894737, 1169, 0.7105263157894737, 701, 0.6842105263157895

1003,188, 0.7105263157894737, 1001, 0.7105263157894737, 113, 0.6578947368421053

1020,1134, 0.7105263157894737, 1271, 0.7105263157894737, 582, 0.6578947368421053

1121,433, 0.7105263157894737, 267, 0.6842105263157895, 377, 0.631578947368421

1134,1020, 0.7105263157894737, 604, 0.6842105263157895, 891, 0.6842105263157895

1169,188, 0.7105263157894737, 1001, 0.7105263157894737, 358, 0.6842105263157895

1253,188, 0.7631578947368421, 452, 0.7631578947368421, 334, 0.6578947368421053

1258,319, 0.7368421052631579, 482, 0.6578947368421053, 491, 0.6578947368421053

1271,480, 0.7631578947368421, 1020, 0.7105263157894737, 211, 0.6842105263157895

165,673, 0.7105263157894737, 1243, 0.6842105263157895, 833, 0.6578947368421053

201,1243, 0.7368421052631579, 559, 0.7105263157894737, 713, 0.7105263157894737

221,1243, 0.7368421052631579, 975, 0.7105263157894737, 1078, 0.7105263157894737

242,693, 0.631578947368421, 729, 0.631578947368421, 917, 0.631578947368421

288,1078, 0.7105263157894737, 1202, 0.7105263157894737, 1243, 0.7105263157894737

304,713, 0.6842105263157895, 1078, 0.6842105263157895, 942, 0.6578947368421053

321,729, 0.7368421052631579, 975, 0.7368421052631579, 833, 0.6842105263157895

335,673, 0.6578947368421053, 942, 0.6578947368421053, 539, 0.631578947368421

348,713, 0.631578947368421, 673, 0.5526315789473685, 942, 0.5526315789473685

352,1202, 0.6842105263157895, 1243, 0.6578947368421053, 559, 0.631578947368421

356,942, 0.7631578947368421, 547, 0.7105263157894737, 729, 0.6842105263157895

378,431, 0.6578947368421053, 988, 0.5526315789473685

399,729, 0.6842105263157895, 942, 0.6842105263157895, 713, 0.6578947368421053

431,378, 0.6578947368421053, 988, 0.6578947368421053

488,1078, 0.6578947368421053, 919, 0.631578947368421, 988, 0.631578947368421

490,559, 0.7105263157894737, 693, 0.7105263157894737, 625, 0.6842105263157895

539,288, 0.6842105263157895, 221, 0.6578947368421053, 335, 0.631578947368421

543,1235, 0.6052631578947368, 488, 0.5526315789473685, 304, 0.5263157894736842

547,356, 0.7105263157894737, 1070, 0.631578947368421, 1235, 0.631578947368421

559,1070, 0.7368421052631579, 201, 0.7105263157894737, 490, 0.7105263157894737

625,1184, 0.7105263157894737, 490, 0.6842105263157895, 1070, 0.6842105263157895

636,1070, 0.6842105263157895, 1184, 0.6052631578947368, 1038, 0.5263157894736842

673,165, 0.7105263157894737, 1070, 0.6842105263157895, 335, 0.6578947368421053

693,490, 0.7105263157894737, 242, 0.631578947368421, 356, 0.6052631578947368

713,201, 0.7105263157894737, 304, 0.6842105263157895, 1070, 0.6842105263157895

729,321, 0.7368421052631579, 356, 0.6842105263157895, 399, 0.6842105263157895

734,221, 0.6052631578947368, 356, 0.6052631578947368, 488, 0.6052631578947368

771,242, 0.5526315789473685, 1184, 0.5526315789473685, 221, 0.5263157894736842

773,221, 0.631578947368421, 356, 0.631578947368421, 242, 0.6052631578947368

775,356, 0.5789473684210527, 488, 0.5789473684210527, 1235, 0.5789473684210527

777,356, 0.6052631578947368, 165, 0.5789473684210527, 201, 0.5789473684210527

779,356, 0.631578947368421, 221, 0.5526315789473685, 304, 0.5526315789473685

793,1070, 0.7105263157894737, 356, 0.6842105263157895, 1124, 0.6578947368421053

828,490, 0.6578947368421053, 356, 0.631578947368421, 221, 0.6052631578947368

833,321, 0.6842105263157895, 165, 0.6578947368421053, 221, 0.6578947368421053

917,221, 0.631578947368421, 242, 0.631578947368421, 356, 0.631578947368421

919,201, 0.6842105263157895, 242, 0.631578947368421, 488, 0.631578947368421

938,356, 0.6052631578947368, 490, 0.6052631578947368, 242, 0.5526315789473685

942,356, 0.7631578947368421, 201, 0.7105263157894737, 399, 0.6842105263157895

948,221, 0.6578947368421053, 356, 0.631578947368421, 1070, 0.631578947368421

964,356, 0.6578947368421053, 1070, 0.6578947368421053, 399, 0.631578947368421

975,321, 0.7368421052631579, 221, 0.7105263157894737, 1070, 0.7105263157894737

988,431, 0.6578947368421053, 1070, 0.6578947368421053, 221, 0.631578947368421

1038,1243, 0.7368421052631579, 1078, 0.631578947368421, 559, 0.6052631578947368

1050,1070, 0.5263157894736842, 1078, 0.5263157894736842, 1038, 0.3684210526315789

1070,1078, 0.7894736842105263, 1243, 0.7631578947368421, 559, 0.7368421052631579

1078,1070, 0.7894736842105263, 221, 0.7105263157894737, 288, 0.7105263157894737

1095,242, 0.6052631578947368, 488, 0.6052631578947368, 356, 0.5789473684210527

1124,793, 0.6578947368421053, 625, 0.631578947368421, 1078, 0.631578947368421

1184,625, 0.7105263157894737, 942, 0.6578947368421053, 1070, 0.6578947368421053

1202,288, 0.7105263157894737, 1235, 0.7105263157894737, 352, 0.6842105263157895

1211,1070, 0.7105263157894737, 221, 0.6578947368421053, 288, 0.6052631578947368

1212,1070, 0.631578947368421, 221, 0.5526315789473685, 288, 0.5526315789473685

1228,729, 0.6578947368421053, 975, 0.6052631578947368, 833, 0.5789473684210527

1235,1202, 0.7105263157894737, 559, 0.6842105263157895, 729, 0.6842105263157895

1243,1070, 0.7631578947368421, 201, 0.7368421052631579, 221, 0.7368421052631579

1265,1070, 0.6842105263157895, 221, 0.631578947368421, 288, 0.631578947368421

120,210, 0.6578947368421053, 315, 0.631578947368421, 987, 0.6052631578947368

126,865, 0.7631578947368421, 683, 0.7105263157894737, 786, 0.6578947368421053

204,641, 0.6578947368421053, 657, 0.6578947368421053, 838, 0.631578947368421

210,120, 0.6578947368421053, 512, 0.631578947368421, 987, 0.631578947368421

229,798, 0.6578947368421053, 1107, 0.6578947368421053, 530, 0.631578947368421

260,657, 0.6578947368421053, 683, 0.6578947368421053, 836, 0.6578947368421053

300,836, 0.7105263157894737, 666, 0.631578947368421, 865, 0.631578947368421

311,786, 0.7368421052631579, 641, 0.6842105263157895, 666, 0.6578947368421053

315,120, 0.631578947368421, 451, 0.631578947368421, 512, 0.631578947368421

369,836, 0.7894736842105263, 530, 0.7368421052631579, 1107, 0.7368421052631579

418,641, 0.631578947368421, 987, 0.631578947368421, 530, 0.6052631578947368

425,838, 0.631578947368421, 588, 0.5789473684210527, 987, 0.5789473684210527

446,836, 0.6578947368421053, 641, 0.631578947368421, 666, 0.631578947368421

451,315, 0.631578947368421, 512, 0.5526315789473685, 120, 0.5263157894736842

456,821, 0.7105263157894737, 526, 0.5526315789473685, 657, 0.5526315789473685

460,530, 0.6842105263157895, 1196, 0.6578947368421053, 836, 0.631578947368421

474,684, 0.6578947368421053, 681, 0.631578947368421, 786, 0.6052631578947368

493,684, 0.6578947368421053, 865, 0.6578947368421053, 1107, 0.6578947368421053

510,641, 0.6842105263157895, 796, 0.6842105263157895, 1133, 0.6842105263157895

512,986, 0.6842105263157895, 210, 0.631578947368421, 315, 0.631578947368421

526,311, 0.631578947368421, 510, 0.6052631578947368, 474, 0.5789473684210527

530,369, 0.7368421052631579, 460, 0.6842105263157895, 126, 0.631578947368421

534,126, 0.6052631578947368, 311, 0.6052631578947368, 260, 0.5789473684210527

562,493, 0.6052631578947368, 418, 0.5789473684210527, 460, 0.5789473684210527

588,510, 0.6578947368421053, 369, 0.631578947368421, 204, 0.6052631578947368

599,204, 0.6052631578947368, 510, 0.5789473684210527, 460, 0.5526315789473685

637,311, 0.6052631578947368, 204, 0.5, 1065, 0.5

641,311, 0.6842105263157895, 510, 0.6842105263157895, 204, 0.6578947368421053

657,369, 0.6842105263157895, 204, 0.6578947368421053, 260, 0.6578947368421053

666,311, 0.6578947368421053, 300, 0.631578947368421, 446, 0.631578947368421

681,1065, 0.6578947368421053, 474, 0.631578947368421, 311, 0.6052631578947368

683,126, 0.7105263157894737, 260, 0.6578947368421053, 1128, 0.6578947368421053

684,474, 0.6578947368421053, 493, 0.6578947368421053, 1065, 0.631578947368421

767,446, 0.631578947368421, 300, 0.6052631578947368, 126, 0.5789473684210527

786,311, 0.7368421052631579, 369, 0.6842105263157895, 126, 0.6578947368421053

796,510, 0.6842105263157895, 369, 0.631578947368421, 229, 0.6052631578947368

797,311, 0.631578947368421, 510, 0.6052631578947368, 996, 0.6052631578947368

798,229, 0.6578947368421053, 204, 0.5789473684210527, 369, 0.5789473684210527

821,456, 0.7105263157894737, 446, 0.6052631578947368, 474, 0.6052631578947368

836,369, 0.7894736842105263, 300, 0.7105263157894737, 1128, 0.7105263157894737

838,204, 0.631578947368421, 229, 0.631578947368421, 369, 0.631578947368421

857,126, 0.631578947368421, 311, 0.5789473684210527, 369, 0.5526315789473685

863,204, 0.631578947368421, 493, 0.631578947368421, 229, 0.6052631578947368

865,126, 0.7631578947368421, 493, 0.6578947368421053, 300, 0.631578947368421

934,1065, 0.631578947368421, 1053, 0.6052631578947368, 510, 0.5789473684210527

967,1128, 0.631578947368421, 474, 0.6052631578947368, 1065, 0.6052631578947368

986,987, 0.7105263157894737, 512, 0.6842105263157895, 315, 0.631578947368421

987,986, 0.7105263157894737, 369, 0.6842105263157895, 210, 0.631578947368421

996,530, 0.631578947368421, 797, 0.6052631578947368, 836, 0.6052631578947368

1053,1107, 0.6578947368421053, 865, 0.631578947368421, 934, 0.6052631578947368

1065,836, 0.6842105263157895, 1196, 0.6842105263157895, 681, 0.6578947368421053

1107,369, 0.7368421052631579, 229, 0.6578947368421053, 493, 0.6578947368421053

1128,836, 0.7105263157894737, 683, 0.6578947368421053, 530, 0.631578947368421

1133,510, 0.6842105263157895, 369, 0.5789473684210527, 418, 0.5789473684210527

1181,369, 0.631578947368421, 300, 0.6052631578947368, 460, 0.6052631578947368

1193,369, 0.7105263157894737, 460, 0.631578947368421, 510, 0.631578947368421

1194,369, 0.6842105263157895, 260, 0.6578947368421053, 204, 0.631578947368421

1196,1065, 0.6842105263157895, 460, 0.6578947368421053, 229, 0.631578947368421

1203,1065, 0.6052631578947368, 460, 0.5526315789473685, 1053, 0.5526315789473685

135,691, 0.6052631578947368, 1069, 0.5526315789473685, 592, 0.5263157894736842

152,609, 0.6578947368421053, 812, 0.6052631578947368, 1069, 0.5789473684210527

159,609, 0.6578947368421053, 852, 0.631578947368421, 812, 0.6052631578947368

184,609, 0.6578947368421053, 812, 0.6578947368421053, 1069, 0.6578947368421053

198,894, 0.6578947368421053, 852, 0.6052631578947368, 1069, 0.6052631578947368

225,1069, 0.6842105263157895, 894, 0.6052631578947368, 691, 0.5526315789473685

239,691, 0.8157894736842105, 699, 0.8157894736842105, 609, 0.7368421052631579

244,691, 0.6578947368421053, 609, 0.6052631578947368, 699, 0.6052631578947368

261,894, 0.631578947368421, 1069, 0.631578947368421, 592, 0.6052631578947368

262,592, 0.6578947368421053, 691, 0.6578947368421053, 1069, 0.631578947368421

287,691, 0.6578947368421053, 852, 0.6578947368421053, 699, 0.631578947368421

312,1069, 0.6052631578947368, 852, 0.5789473684210527, 592, 0.5526315789473685

320,1069, 0.6842105263157895

329,860, 0.5

337,609, 0.6578947368421053, 894, 0.6578947368421053, 902, 0.6578947368421053

345,812, 0.7631578947368421, 852, 0.7105263157894737, 1069, 0.7105263157894737

357,691, 0.7631578947368421, 894, 0.6842105263157895, 592, 0.631578947368421

366,860, 0.6578947368421053, 852, 0.5789473684210527, 592, 0.42105263157894735

370,609, 0.7105263157894737, 902, 0.7105263157894737, 937, 0.6842105263157895

371,812, 0.6052631578947368, 852, 0.6052631578947368, 609, 0.5789473684210527

373,852, 0.6578947368421053, 592, 0.631578947368421, 1069, 0.5789473684210527

385,1069, 0.7631578947368421, 894, 0.6578947368421053, 937, 0.6578947368421053

423,852, 0.631578947368421, 691, 0.6052631578947368, 723, 0.5789473684210527

427,894, 0.631578947368421, 1069, 0.6052631578947368, 691, 0.5526315789473685

436,691, 0.7368421052631579, 592, 0.6842105263157895, 894, 0.6842105263157895

443,592, 0.5789473684210527, 852, 0.5789473684210527, 860, 0.47368421052631576

453,699, 0.631578947368421, 745, 0.631578947368421, 691, 0.6052631578947368

471,937, 0.6842105263157895, 598, 0.6578947368421053, 723, 0.631578947368421

592,436, 0.6842105263157895, 262, 0.6578947368421053, 1251, 0.6578947368421053

598,370, 0.6578947368421053, 471, 0.6578947368421053, 337, 0.6052631578947368

609,239, 0.7368421052631579, 370, 0.7105263157894737, 152, 0.6578947368421053

691,239, 0.8157894736842105, 357, 0.7631578947368421, 436, 0.7368421052631579

699,239, 0.8157894736842105, 436, 0.6578947368421053, 287, 0.631578947368421

723,345, 0.6578947368421053, 471, 0.631578947368421, 370, 0.6052631578947368

745,453, 0.631578947368421, 239, 0.5789473684210527, 337, 0.5526315789473685

812,1251, 0.7894736842105263, 345, 0.7631578947368421, 1151, 0.7368421052631579

852,1019, 0.7894736842105263, 345, 0.7105263157894737, 1251, 0.6842105263157895

860,366, 0.6578947368421053, 239, 0.631578947368421, 1251, 0.631578947368421

894,239, 0.7105263157894737, 345, 0.6842105263157895, 357, 0.6842105263157895

902,370, 0.7105263157894737, 1019, 0.6842105263157895, 337, 0.6578947368421053

937,370, 0.6842105263157895, 471, 0.6842105263157895, 385, 0.6578947368421053

1007,812, 0.6842105263157895, 852, 0.6578947368421053, 609, 0.631578947368421

1019,852, 0.7894736842105263, 902, 0.6842105263157895, 609, 0.6578947368421053

1069,385, 0.7631578947368421, 345, 0.7105263157894737, 1251, 0.7105263157894737

1151,812, 0.7368421052631579, 937, 0.6578947368421053, 894, 0.631578947368421

1251,812, 0.7894736842105263, 1069, 0.7105263157894737, 852, 0.6842105263157895

1274,852, 0.6578947368421053, 609, 0.631578947368421, 699, 0.631578947368421

132,137, 0.7631578947368421, 1024, 0.5263157894736842, 518, 0.42105263157894735

137,132, 0.7631578947368421, 268, 0.6578947368421053, 379, 0.6578947368421053

139,1186, 0.7368421052631579, 968, 0.7105263157894737, 904, 0.6578947368421053

143,780, 0.631578947368421, 968, 0.5789473684210527, 792, 0.5526315789473685

196,850, 0.7368421052631579, 524, 0.7105263157894737, 727, 0.7105263157894737

223,896, 0.6578947368421053, 758, 0.6052631578947368, 912, 0.5789473684210527

268,379, 0.7368421052631579, 1024, 0.7105263157894737, 137, 0.6578947368421053

282,665, 0.6578947368421053, 727, 0.6578947368421053, 1080, 0.631578947368421

308,896, 0.6842105263157895, 537, 0.5789473684210527, 962, 0.47368421052631576

330,585, 0.6842105263157895, 1098, 0.6842105263157895, 962, 0.6578947368421053

360,1098, 0.6578947368421053, 792, 0.631578947368421, 524, 0.6052631578947368

372,896, 0.7105263157894737, 1080, 0.6842105263157895, 912, 0.6578947368421053

379,268, 0.7368421052631579, 137, 0.6578947368421053, 1024, 0.6578947368421053

386,962, 0.6052631578947368, 850, 0.5789473684210527, 943, 0.5789473684210527

405,758, 0.7368421052631579, 1080, 0.7368421052631579, 1079, 0.7105263157894737

454,524, 0.6052631578947368, 968, 0.6052631578947368, 654, 0.5789473684210527

455,896, 0.5789473684210527, 537, 0.5263157894736842, 1161, 0.5

481,1098, 0.7368421052631579, 524, 0.7105263157894737, 912, 0.6578947368421053

505,524, 0.5789473684210527, 780, 0.5789473684210527, 1098, 0.5789473684210527

518,268, 0.6052631578947368, 379, 0.5, 1032, 0.5

520,1082, 0.9473684210526315, 585, 0.6578947368421053, 654, 0.631578947368421

524,196, 0.7105263157894737, 481, 0.7105263157894737, 1264, 0.6578947368421053

537,984, 0.6842105263157895, 139, 0.6052631578947368, 372, 0.6052631578947368

585,1033, 0.7105263157894737, 330, 0.6842105263157895, 993, 0.6842105263157895

654,520, 0.631578947368421, 454, 0.5789473684210527, 1264, 0.5789473684210527

665,282, 0.6578947368421053, 993, 0.6578947368421053, 1033, 0.6578947368421053

707,139, 0.5789473684210527, 196, 0.5, 520, 0.5

727,196, 0.7105263157894737, 282, 0.6578947368421053, 993, 0.6578947368421053

758,405, 0.7368421052631579, 1067, 0.6578947368421053, 372, 0.631578947368421

780,1278, 0.6578947368421053, 143, 0.631578947368421, 481, 0.631578947368421

792,1033, 0.6842105263157895, 1278, 0.6842105263157895, 360, 0.631578947368421

850,196, 0.7368421052631579, 1033, 0.6842105263157895, 993, 0.6578947368421053

896,372, 0.7105263157894737, 308, 0.6842105263157895, 405, 0.6842105263157895

904,196, 0.6842105263157895, 139, 0.6578947368421053, 984, 0.6052631578947368

912,1033, 0.7105263157894737, 993, 0.6842105263157895, 372, 0.6578947368421053

925,984, 0.631578947368421, 1067, 0.6052631578947368, 330, 0.5789473684210527

943,984, 0.6842105263157895, 372, 0.6578947368421053, 1033, 0.6578947368421053

962,330, 0.6578947368421053, 139, 0.631578947368421, 386, 0.6052631578947368

968,139, 0.7105263157894737, 454, 0.6052631578947368, 143, 0.5789473684210527

970,196, 0.631578947368421, 405, 0.631578947368421, 520, 0.6052631578947368

984,537, 0.6842105263157895, 943, 0.6842105263157895, 993, 0.6842105263157895

989,993, 0.6578947368421053, 1083, 0.6578947368421053, 1264, 0.6578947368421053

993,1033, 0.7894736842105263, 1083, 0.7368421052631579, 1080, 0.7105263157894737

1024,268, 0.7105263157894737, 379, 0.6578947368421053, 137, 0.631578947368421

1032,520, 0.631578947368421, 268, 0.6052631578947368, 1033, 0.6052631578947368

1033,1080, 0.8157894736842105, 993, 0.7894736842105263, 1079, 0.7368421052631579

1064,1033, 0.6842105263157895, 585, 0.6578947368421053, 665, 0.6578947368421053

1067,758, 0.6578947368421053, 1080, 0.6578947368421053, 727, 0.631578947368421

1079,1033, 0.7368421052631579, 405, 0.7105263157894737, 372, 0.6578947368421053

1080,1033, 0.8157894736842105, 405, 0.7368421052631579, 993, 0.7105263157894737

1082,520, 0.9473684210526315, 405, 0.6578947368421053, 330, 0.6052631578947368

1083,993, 0.7368421052631579, 984, 0.6842105263157895, 989, 0.6578947368421053

1084,1064, 0.6052631578947368, 1033, 0.5789473684210527, 1264, 0.5789473684210527

1098,481, 0.7368421052631579, 1278, 0.7105263157894737, 330, 0.6842105263157895

1161,1264, 0.631578947368421, 139, 0.5789473684210527, 372, 0.5789473684210527

1186,139, 0.7368421052631579, 454, 0.5789473684210527, 143, 0.5526315789473685

1214,196, 0.6052631578947368, 330, 0.5789473684210527, 372, 0.5

1264,585, 0.6842105263157895, 993, 0.6842105263157895, 524, 0.6578947368421053

1278,1098, 0.7105263157894737, 792, 0.6842105263157895, 780, 0.6578947368421053

109,914, 0.6842105263157895, 913, 0.631578947368421, 1272, 0.631578947368421

133,929, 0.7105263157894737, 913, 0.6578947368421053, 914, 0.6578947368421053

176,645, 0.9473684210526315, 785, 0.7368421052631579, 911, 0.7105263157894737

191,1272, 0.7631578947368421, 645, 0.7105263157894737, 913, 0.7105263157894737

193,913, 0.7631578947368421, 645, 0.6578947368421053, 785, 0.6578947368421053

257,645, 0.7105263157894737, 866, 0.6578947368421053, 913, 0.6578947368421053

284,565, 0.7105263157894737, 1197, 0.6842105263157895, 762, 0.6578947368421053

297,929, 0.7105263157894737, 1272, 0.7105263157894737, 565, 0.6842105263157895

328,551, 0.6842105263157895, 565, 0.6842105263157895, 789, 0.631578947368421

339,551, 0.5789473684210527, 914, 0.5789473684210527, 591, 0.5526315789473685

342,914, 0.6842105263157895, 1272, 0.6842105263157895, 929, 0.6578947368421053

393,1272, 0.6842105263157895, 866, 0.6052631578947368, 1197, 0.5526315789473685

411,900, 0.7105263157894737, 913, 0.6578947368421053, 542, 0.631578947368421

435,785, 0.7105263157894737, 591, 0.6842105263157895, 551, 0.6578947368421053

448,551, 0.6578947368421053, 866, 0.6578947368421053, 914, 0.6578947368421053

450,542, 0.7368421052631579, 580, 0.7368421052631579, 591, 0.7105263157894737

476,789, 0.6842105263157895, 914, 0.6842105263157895, 542, 0.631578947368421

484,929, 0.7368421052631579, 591, 0.6842105263157895, 824, 0.6842105263157895

542,450, 0.7368421052631579, 1241, 0.6578947368421053, 284, 0.631578947368421

551,328, 0.6842105263157895, 435, 0.6578947368421053, 448, 0.6578947368421053

565,284, 0.7105263157894737, 297, 0.6842105263157895, 328, 0.6842105263157895

580,450, 0.7368421052631579, 342, 0.631578947368421, 435, 0.631578947368421

586,176, 0.6052631578947368, 1241, 0.6052631578947368, 191, 0.5

591,450, 0.7105263157894737, 435, 0.6842105263157895, 484, 0.6842105263157895

629,284, 0.6052631578947368, 297, 0.6052631578947368, 450, 0.6052631578947368

645,176, 0.9473684210526315, 191, 0.7105263157894737, 257, 0.7105263157894737

725,450, 0.631578947368421, 257, 0.6052631578947368, 284, 0.6052631578947368

762,1118, 0.7105263157894737, 284, 0.6578947368421053, 484, 0.6578947368421053

785,176, 0.7368421052631579, 435, 0.7105263157894737, 191, 0.6842105263157895

789,476, 0.6842105263157895, 176, 0.6578947368421053, 450, 0.6578947368421053

794,284, 0.6578947368421053, 435, 0.6052631578947368, 450, 0.6052631578947368

800,339, 0.5263157894736842, 1241, 0.5263157894736842, 484, 0.47368421052631576

824,484, 0.6842105263157895, 176, 0.631578947368421, 1241, 0.631578947368421

866,257, 0.6578947368421053, 448, 0.6578947368421053, 1036, 0.6578947368421053

900,411, 0.7105263157894737, 297, 0.6842105263157895, 284, 0.6578947368421053

909,191, 0.5789473684210527, 448, 0.5789473684210527, 1056, 0.5789473684210527

911,176, 0.7105263157894737, 435, 0.6578947368421053, 193, 0.6052631578947368

913,193, 0.7631578947368421, 191, 0.7105263157894737, 1275, 0.6842105263157895

914,191, 0.7105263157894737, 109, 0.6842105263157895, 342, 0.6842105263157895

915,435, 0.6052631578947368, 476, 0.6052631578947368, 1225, 0.6052631578947368

929,484, 0.7368421052631579, 133, 0.7105263157894737, 297, 0.7105263157894737

935,411, 0.5526315789473685, 1241, 0.5263157894736842, 297, 0.5

971,257, 0.6578947368421053, 284, 0.6578947368421053, 1244, 0.6578947368421053

1034,645, 0.631578947368421, 913, 0.631578947368421, 914, 0.631578947368421

1036,565, 0.6578947368421053, 866, 0.6578947368421053, 1197, 0.6578947368421053

1056,551, 0.6578947368421053, 866, 0.631578947368421, 909, 0.5789473684210527

1118,762, 0.7105263157894737, 1272, 0.6578947368421053, 913, 0.631578947368421

1143,900, 0.6578947368421053, 565, 0.6052631578947368, 929, 0.6052631578947368

1197,284, 0.6842105263157895, 297, 0.6842105263157895, 484, 0.6578947368421053

1225,914, 0.6842105263157895, 551, 0.6578947368421053, 591, 0.631578947368421

1241,914, 0.6842105263157895, 542, 0.6578947368421053, 913, 0.6578947368421053

1244,645, 0.7105263157894737, 762, 0.6578947368421053, 785, 0.6578947368421053

1257,1036, 0.6578947368421053, 109, 0.6052631578947368, 191, 0.6052631578947368

1272,191, 0.7631578947368421, 1275, 0.7368421052631579, 297, 0.7105263157894737

1275,1272, 0.7368421052631579, 913, 0.6842105263157895, 866, 0.6052631578947368

130,1153, 0.7368421052631579, 650, 0.6578947368421053, 790, 0.6578947368421053

158,1117, 0.6578947368421053, 664, 0.631578947368421, 819, 0.631578947368421

213,1153, 0.6842105263157895, 531, 0.631578947368421, 651, 0.631578947368421

253,819, 0.7631578947368421, 1117, 0.7631578947368421, 790, 0.6842105263157895

296,955, 0.7105263157894737, 1111, 0.6842105263157895, 651, 0.6578947368421053

325,531, 0.5789473684210527, 569, 0.5789473684210527, 621, 0.5789473684210527

349,1237, 0.7368421052631579

374,955, 0.7368421052631579, 1117, 0.7105263157894737, 651, 0.6842105263157895

376,847, 0.6842105263157895, 710, 0.631578947368421, 848, 0.631578947368421

395,847, 0.7105263157894737, 569, 0.6842105263157895, 819, 0.6578947368421053

403,1248, 0.7368421052631579, 651, 0.7105263157894737, 709, 0.6842105263157895

434,466, 0.5526315789473685, 1237, 0.5

457,638, 0.7105263157894737, 635, 0.6052631578947368, 926, 0.6052631578947368

466,1237, 0.6842105263157895, 434, 0.5526315789473685

489,651, 0.7105263157894737, 790, 0.7105263157894737, 819, 0.7105263157894737

531,1061, 0.6578947368421053, 130, 0.631578947368421, 213, 0.631578947368421

555,1061, 0.7105263157894737, 130, 0.631578947368421, 1165, 0.631578947368421

569,1061, 0.8157894736842105, 395, 0.6842105263157895, 1045, 0.631578947368421

576,253, 0.6052631578947368, 403, 0.6052631578947368, 489, 0.6052631578947368

611,1002, 0.6052631578947368, 403, 0.5789473684210527, 1061, 0.5789473684210527

621,1061, 0.7105263157894737, 1002, 0.631578947368421, 158, 0.6052631578947368

628,757, 0.8947368421052632, 1023, 0.5789473684210527, 1061, 0.5789473684210527

635,374, 0.6578947368421053, 1206, 0.6578947368421053, 130, 0.631578947368421

638,457, 0.7105263157894737, 374, 0.6578947368421053, 1206, 0.631578947368421

643,253, 0.631578947368421, 489, 0.631578947368421, 403, 0.5789473684210527

650,130, 0.6578947368421053, 1061, 0.5789473684210527, 296, 0.5526315789473685

651,403, 0.7105263157894737, 489, 0.7105263157894737, 374, 0.6842105263157895

664,1061, 0.7105263157894737, 158, 0.631578947368421, 403, 0.6052631578947368

709,403, 0.6842105263157895, 489, 0.6578947368421053, 457, 0.5789473684210527

710,403, 0.6578947368421053, 376, 0.631578947368421, 130, 0.6052631578947368

750,374, 0.6578947368421053, 296, 0.631578947368421, 489, 0.631578947368421

751,1052, 0.6842105263157895, 296, 0.631578947368421, 403, 0.631578947368421

757,628, 0.8947368421052632, 1002, 0.6052631578947368, 1023, 0.6052631578947368

790,489, 0.7105263157894737, 253, 0.6842105263157895, 130, 0.6578947368421053

818,1206, 0.5789473684210527, 376, 0.5526315789473685, 1023, 0.5526315789473685

819,253, 0.7631578947368421, 489, 0.7105263157894737, 403, 0.6842105263157895

847,395, 0.7105263157894737, 376, 0.6842105263157895, 130, 0.631578947368421

848,374, 0.6842105263157895, 253, 0.631578947368421, 376, 0.631578947368421

878,1206, 0.6842105263157895, 296, 0.6578947368421053, 403, 0.6578947368421053

885,253, 0.6578947368421053, 1165, 0.6578947368421053, 130, 0.631578947368421

887,1052, 0.6578947368421053, 1002, 0.631578947368421, 1045, 0.631578947368421

907,395, 0.6578947368421053, 403, 0.6578947368421053, 158, 0.631578947368421

926,1206, 0.6842105263157895, 374, 0.6578947368421053, 403, 0.6578947368421053

933,158, 0.631578947368421, 253, 0.631578947368421, 296, 0.6052631578947368

955,374, 0.7368421052631579, 296, 0.7105263157894737, 1206, 0.631578947368421

965,374, 0.6578947368421053, 130, 0.631578947368421, 296, 0.631578947368421

1002,1045, 0.8157894736842105, 819, 0.6842105263157895, 1153, 0.6578947368421053

1023,757, 0.6052631578947368, 885, 0.6052631578947368, 887, 0.6052631578947368

1045,1002, 0.8157894736842105, 790, 0.6578947368421053, 819, 0.6578947368421053

1052,1081, 0.7368421052631579, 751, 0.6842105263157895, 887, 0.6578947368421053

1061,569, 0.8157894736842105, 1081, 0.7368421052631579, 555, 0.7105263157894737

1074,1002, 0.6052631578947368, 1023, 0.6052631578947368, 130, 0.5789473684210527

1081,1052, 0.7368421052631579, 1061, 0.7368421052631579, 1045, 0.6052631578947368

1111,296, 0.6842105263157895, 403, 0.6578947368421053, 489, 0.6578947368421053

1117,253, 0.7631578947368421, 374, 0.7105263157894737, 158, 0.6578947368421053

1130,489, 0.7105263157894737, 253, 0.6052631578947368, 376, 0.6052631578947368

1147,130, 0.5526315789473685, 253, 0.5526315789473685, 296, 0.5526315789473685

1153,130, 0.7368421052631579, 213, 0.6842105263157895, 489, 0.6578947368421053

1163,1061, 0.7105263157894737, 1002, 0.6578947368421053, 1045, 0.6578947368421053

1165,885, 0.6578947368421053, 555, 0.631578947368421, 887, 0.631578947368421

1195,1237, 0.6842105263157895

1206,878, 0.6842105263157895, 926, 0.6842105263157895, 1261, 0.6842105263157895

1237,349, 0.7368421052631579, 466, 0.6842105263157895, 1195, 0.6842105263157895

1248,403, 0.7368421052631579, 296, 0.6578947368421053, 213, 0.631578947368421

1261,253, 0.6842105263157895, 1206, 0.6842105263157895, 374, 0.631578947368421

37,

87,

1204,926, 0.5789473684210527, 797, 0.42105263157894735

1209,1196, 0.6052631578947368, 530, 0.5789473684210527, 866, 0.5789473684210527

108,1050, 0.47368421052631576

