1,82,86,90
716,1013,1100,1176,1223
27,48,54,60
91,156,498,809,1106
7,66,144
458,500,575
17,24,36,53
63,104,215,245
616,618,631,724
869,1085,1129,1270
19,32,43
50,57,71
106,127,220
368,432,468,1108
122,274,1245
25,81,485,672
749,973,1090,1227
83,170,171,172
492,871,972,991
29,33,45
89,1014,1046,1250
3,10,20
439,1048,1216
69,145,285,997
44,76,77,88
95,199,440,473,1104
15,51,72
75,99,515,523
573,728,843
856,953,1172,1187
8,266,422,437
663,1006,1114,1170,1230
100,876,1066,1273
4,56,475,602,807
1021,1037,1116,1154,1213
0,9,70,182,402
459,517,646,966,1103
21,49,101,212
803,874,954,1126,1229
35,42,94,420
428,477,1018,1096,1120
2,13,30,55
522,567,1059,1071
140,157,415,445
486,504,653,1008,1054
22,31,1041
1055,1089,1208
47,977,1009,1150
23,80,417
438,506,1072
61,64,173,449,509
804,858,957,1097,1177
40,74,765
805,855,1215
16,67,85,93
142,444,974,1005
46,103,263
487,606,1049
65,68,295,508
84,264,1063
26,59,306,463,465
39,62,816,826
864,1026,1057,1141,1256
97,141,240,502
983,1012,1040,1255
6,34,73,310,340
365,367,519
1039,1086,1105
5,11,18,58,92
381,469,566,776,951
38,41,105,772
928,994,1051,1222,1260
12,14,78,499,1042
79,102,412
903,952,1144
96,107,228,382
28,52,98
169,956,979,1044
