129,564, 0.7105263157894737, 1075, 0.6842105263157895, 740, 0.631578947368421

136,808, 0.7368421052631579, 814, 0.7368421052631579, 867, 0.7368421052631579

150,608, 0.631578947368421, 669, 0.631578947368421, 744, 0.631578947368421

161,564, 0.7105263157894737, 670, 0.7105263157894737, 689, 0.6842105263157895

194,867, 0.7105263157894737, 1267, 0.7105263157894737, 744, 0.6842105263157895

195,867, 0.6842105263157895, 946, 0.6842105263157895, 564, 0.6578947368421053

206,740, 0.7368421052631579, 817, 0.7368421052631579, 1174, 0.7368421052631579

207,608, 0.7631578947368421, 708, 0.7368421052631579, 791, 0.7368421052631579

246,867, 0.7631578947368421, 612, 0.7368421052631579, 589, 0.6842105263157895

248,708, 0.6842105263157895, 721, 0.6842105263157895, 853, 0.6578947368421053

254,280, 0.6842105263157895, 507, 0.6578947368421053, 317, 0.5526315789473685

265,564, 0.6578947368421053, 817, 0.6578947368421053, 744, 0.631578947368421

272,867, 0.7105263157894737, 558, 0.6842105263157895, 721, 0.6842105263157895

273,670, 0.7368421052631579, 814, 0.7368421052631579, 791, 0.6842105263157895

280,254, 0.6842105263157895, 317, 0.6578947368421053, 507, 0.6578947368421053

283,867, 0.6578947368421053, 889, 0.6578947368421053, 946, 0.6052631578947368

313,867, 0.7631578947368421, 564, 0.6842105263157895, 721, 0.6578947368421053

317,280, 0.6578947368421053, 507, 0.6052631578947368, 254, 0.5526315789473685

326,859, 0.6842105263157895, 708, 0.6578947368421053, 791, 0.6578947368421053

341,744, 0.7105263157894737, 1075, 0.7105263157894737, 1201, 0.631578947368421

346,867, 0.7368421052631579, 853, 0.631578947368421, 946, 0.631578947368421

362,741, 0.6842105263157895, 867, 0.6842105263157895, 721, 0.6578947368421053

363,564, 0.7105263157894737, 608, 0.6578947368421053, 741, 0.6578947368421053

407,564, 0.6842105263157895, 859, 0.6842105263157895, 558, 0.6578947368421053

421,564, 0.631578947368421, 708, 0.631578947368421, 721, 0.631578947368421

507,254, 0.6578947368421053, 280, 0.6578947368421053, 317, 0.6052631578947368

558,1119, 0.7368421052631579, 1180, 0.7368421052631579, 272, 0.6842105263157895

564,1180, 0.7631578947368421, 129, 0.7105263157894737, 161, 0.7105263157894737

589,246, 0.6842105263157895, 161, 0.631578947368421, 194, 0.631578947368421

590,1119, 0.631578947368421, 273, 0.6052631578947368, 136, 0.5789473684210527

608,207, 0.7631578947368421, 161, 0.6578947368421053, 206, 0.6578947368421053

612,246, 0.7368421052631579, 326, 0.631578947368421, 1010, 0.631578947368421

624,1210, 0.7105263157894737, 161, 0.6578947368421053, 207, 0.631578947368421

669,1221, 0.7105263157894737, 150, 0.631578947368421, 1182, 0.631578947368421

670,273, 0.7368421052631579, 161, 0.7105263157894737, 206, 0.6842105263157895

689,1210, 0.7631578947368421, 161, 0.6842105263157895, 207, 0.6578947368421053

690,1119, 0.6842105263157895, 273, 0.6578947368421053, 195, 0.631578947368421

708,207, 0.7368421052631579, 248, 0.6842105263157895, 1010, 0.6842105263157895

720,206, 0.6842105263157895, 207, 0.6578947368421053, 1180, 0.631578947368421

721,248, 0.6842105263157895, 272, 0.6842105263157895, 194, 0.6578947368421053

740,206, 0.7368421052631579, 161, 0.6578947368421053, 273, 0.6578947368421053

741,161, 0.6842105263157895, 362, 0.6842105263157895, 194, 0.6578947368421053

744,1221, 0.7368421052631579, 206, 0.7105263157894737, 341, 0.7105263157894737

759,161, 0.6578947368421053, 207, 0.6052631578947368, 1180, 0.6052631578947368

791,207, 0.7368421052631579, 273, 0.6842105263157895, 326, 0.6578947368421053

808,1119, 0.7631578947368421, 136, 0.7368421052631579, 1180, 0.6842105263157895

814,136, 0.7368421052631579, 273, 0.7368421052631579, 207, 0.6842105263157895

817,206, 0.7368421052631579, 161, 0.6842105263157895, 1010, 0.6842105263157895

853,207, 0.6842105263157895, 1182, 0.6842105263157895, 248, 0.6578947368421053

859,1010, 0.7105263157894737, 326, 0.6842105263157895, 407, 0.6842105263157895

867,246, 0.7631578947368421, 313, 0.7631578947368421, 136, 0.7368421052631579

889,207, 0.6842105263157895, 283, 0.6578947368421053, 313, 0.631578947368421

895,1119, 0.631578947368421, 362, 0.6052631578947368, 207, 0.5789473684210527

906,1210, 0.6578947368421053, 1119, 0.631578947368421, 129, 0.6052631578947368

946,195, 0.6842105263157895, 206, 0.631578947368421, 346, 0.631578947368421

976,150, 0.631578947368421, 207, 0.631578947368421, 1180, 0.631578947368421

1010,859, 0.7105263157894737, 564, 0.6842105263157895, 708, 0.6842105263157895

1022,1010, 0.6842105263157895, 817, 0.6578947368421053, 689, 0.631578947368421

1075,341, 0.7105263157894737, 129, 0.6842105263157895, 161, 0.6842105263157895

1119,808, 0.7631578947368421, 558, 0.7368421052631579, 744, 0.7105263157894737

1132,1210, 0.7368421052631579, 1182, 0.7105263157894737, 273, 0.6842105263157895

1157,273, 0.6578947368421053, 1119, 0.631578947368421, 161, 0.6052631578947368

1174,206, 0.7368421052631579, 273, 0.6578947368421053, 161, 0.631578947368421

1180,564, 0.7631578947368421, 558, 0.7368421052631579, 808, 0.6842105263157895

1182,1132, 0.7105263157894737, 853, 0.6842105263157895, 564, 0.6578947368421053

1189,206, 0.7368421052631579, 161, 0.6842105263157895, 273, 0.6842105263157895

1201,341, 0.631578947368421, 161, 0.6052631578947368, 206, 0.6052631578947368

1210,689, 0.7631578947368421, 1132, 0.7368421052631579, 624, 0.7105263157894737

1221,744, 0.7368421052631579, 669, 0.7105263157894737, 1075, 0.6842105263157895

1267,194, 0.7105263157894737, 161, 0.6842105263157895, 341, 0.631578947368421

110,737, 0.7368421052631579, 892, 0.7368421052631579, 607, 0.7105263157894737

111,594, 0.6842105263157895, 597, 0.6842105263157895, 679, 0.6842105263157895

118,259, 0.7631578947368421, 278, 0.7105263157894737, 396, 0.6842105263157895

125,607, 0.7368421052631579, 1060, 0.6842105263157895, 1226, 0.6842105263157895

164,893, 0.47368421052631576

166,831, 0.8421052631578947, 607, 0.7631578947368421, 774, 0.7631578947368421

167,554, 0.6842105263157895, 607, 0.6842105263157895, 892, 0.6842105263157895

174,737, 0.7894736842105263, 756, 0.7894736842105263, 619, 0.7631578947368421

177,597, 0.6578947368421053, 1247, 0.631578947368421, 594, 0.6052631578947368

178,607, 0.7105263157894737, 610, 0.7105263157894737, 892, 0.6842105263157895

180,774, 0.6842105263157895, 607, 0.6578947368421053, 831, 0.6578947368421053

181,554, 0.7105263157894737, 737, 0.7105263157894737, 597, 0.6842105263157895

197,1200, 0.7368421052631579, 1060, 0.7105263157894737, 396, 0.6578947368421053

214,1226, 0.7105263157894737, 692, 0.6842105263157895, 737, 0.6842105263157895

227,1028, 0.631578947368421, 739, 0.6052631578947368, 597, 0.5789473684210527

230,516, 0.6578947368421053, 118, 0.631578947368421, 396, 0.631578947368421

243,597, 0.7105263157894737, 692, 0.6842105263157895, 831, 0.6842105263157895

259,118, 0.7631578947368421, 278, 0.7105263157894737, 1060, 0.6578947368421053

275,607, 0.7105263157894737, 960, 0.7105263157894737, 1060, 0.6842105263157895

277,607, 0.7368421052631579, 756, 0.6842105263157895, 774, 0.6842105263157895

278,118, 0.7105263157894737, 259, 0.7105263157894737, 494, 0.6842105263157895

279,597, 0.7631578947368421, 810, 0.7368421052631579, 1226, 0.7368421052631579

303,679, 0.5789473684210527, 692, 0.5263157894736842, 739, 0.5263157894736842

318,737, 0.7631578947368421, 692, 0.6842105263157895, 831, 0.6842105263157895

323,676, 0.7105263157894737, 737, 0.6842105263157895, 1028, 0.6842105263157895

336,831, 0.7631578947368421, 597, 0.7368421052631579, 692, 0.7105263157894737

347,554, 0.7368421052631579, 607, 0.7105263157894737, 563, 0.6842105263157895

359,831, 0.631578947368421, 1060, 0.6052631578947368, 554, 0.5789473684210527

389,810, 0.6578947368421053, 1060, 0.6578947368421053, 756, 0.631578947368421

396,414, 0.7105263157894737, 494, 0.7105263157894737, 1200, 0.7105263157894737

414,521, 0.7368421052631579, 396, 0.7105263157894737, 494, 0.6842105263157895

442,756, 0.7368421052631579, 1028, 0.7368421052631579, 615, 0.7105263157894737

467,810, 0.6842105263157895, 594, 0.631578947368421, 554, 0.6052631578947368

494,1060, 0.7368421052631579, 396, 0.7105263157894737, 1200, 0.7105263157894737

501,799, 0.6842105263157895, 554, 0.6578947368421053, 737, 0.6578947368421053

516,230, 0.6578947368421053, 396, 0.631578947368421, 494, 0.631578947368421

521,414, 0.7368421052631579, 278, 0.6842105263157895, 1060, 0.6842105263157895

554,166, 0.7368421052631579, 347, 0.7368421052631579, 181, 0.7105263157894737

563,347, 0.6842105263157895, 174, 0.6578947368421053, 318, 0.6578947368421053

594,1031, 0.7105263157894737, 111, 0.6842105263157895, 174, 0.6578947368421053

595,442, 0.6578947368421053, 174, 0.631578947368421, 178, 0.631578947368421

597,279, 0.7631578947368421, 166, 0.7368421052631579, 336, 0.7368421052631579

607,166, 0.7631578947368421, 125, 0.7368421052631579, 277, 0.7368421052631579

610,178, 0.7105263157894737, 125, 0.6578947368421053, 166, 0.6578947368421053

615,442, 0.7105263157894737, 174, 0.6842105263157895, 336, 0.6578947368421053

619,174, 0.7631578947368421, 275, 0.5789473684210527, 442, 0.5789473684210527

676,323, 0.7105263157894737, 442, 0.6578947368421053, 277, 0.631578947368421

679,111, 0.6842105263157895, 166, 0.6842105263157895, 174, 0.6842105263157895

688,985, 0.6578947368421053, 1043, 0.6578947368421053, 1076, 0.631578947368421

692,336, 0.7105263157894737, 214, 0.6842105263157895, 243, 0.6842105263157895

719,985, 0.7368421052631579, 1043, 0.6578947368421053, 731, 0.6052631578947368

731,688, 0.6052631578947368, 719, 0.6052631578947368, 1031, 0.5789473684210527

737,174, 0.7894736842105263, 318, 0.7631578947368421, 110, 0.7368421052631579

739,174, 0.7368421052631579, 279, 0.6842105263157895, 336, 0.6842105263157895

742,1031, 0.631578947368421, 174, 0.5789473684210527, 275, 0.5789473684210527

756,174, 0.7894736842105263, 442, 0.7368421052631579, 277, 0.6842105263157895

763,1031, 0.631578947368421, 125, 0.6052631578947368, 323, 0.6052631578947368

774,166, 0.7631578947368421, 985, 0.7368421052631579, 180, 0.6842105263157895

788,501, 0.631578947368421, 167, 0.6052631578947368, 279, 0.5789473684210527

799,501, 0.6842105263157895, 318, 0.6578947368421053, 125, 0.631578947368421

810,279, 0.7368421052631579, 336, 0.7105263157894737, 442, 0.6842105263157895

831,166, 0.8421052631578947, 336, 0.7631578947368421, 985, 0.7368421052631579

846,174, 0.7105263157894737, 442, 0.6842105263157895, 1029, 0.6842105263157895

861,1031, 0.631578947368421, 323, 0.5789473684210527, 125, 0.5526315789473685

892,174, 0.7631578947368421, 110, 0.7368421052631579, 166, 0.7105263157894737

893,167, 0.6578947368421053, 277, 0.6578947368421053, 279, 0.631578947368421

931,336, 0.6842105263157895, 111, 0.6578947368421053, 167, 0.6578947368421053

950,167, 0.6842105263157895, 279, 0.631578947368421, 181, 0.6052631578947368

959,174, 0.6578947368421053, 277, 0.631578947368421, 501, 0.631578947368421

960,275, 0.7105263157894737, 279, 0.7105263157894737, 985, 0.6842105263157895

969,1043, 0.6578947368421053, 275, 0.631578947368421, 1029, 0.631578947368421

985,607, 0.7368421052631579, 719, 0.7368421052631579, 774, 0.7368421052631579

995,831, 0.6052631578947368, 1029, 0.5789473684210527, 679, 0.5526315789473685

1028,442, 0.7368421052631579, 323, 0.6842105263157895, 1029, 0.6578947368421053

1029,1145, 0.7105263157894737, 846, 0.6842105263157895, 756, 0.6578947368421053

1031,594, 0.7105263157894737, 607, 0.7105263157894737, 892, 0.7105263157894737

1043,1060, 0.7894736842105263, 985, 0.7105263157894737, 554, 0.6842105263157895

1060,1043, 0.7894736842105263, 1200, 0.7894736842105263, 494, 0.7368421052631579

1068,554, 0.6578947368421053, 831, 0.6578947368421053, 1060, 0.6578947368421053

1076,1031, 0.7105263157894737, 1043, 0.6842105263157895, 688, 0.631578947368421

1102,893, 0.5263157894736842, 788, 0.3157894736842105

1113,167, 0.6578947368421053, 243, 0.631578947368421, 174, 0.6052631578947368

1145,1029, 0.7105263157894737, 810, 0.6052631578947368, 554, 0.5789473684210527

1149,174, 0.6578947368421053, 277, 0.6578947368421053, 442, 0.6578947368421053

1200,1060, 0.7894736842105263, 197, 0.7368421052631579, 396, 0.7105263157894737

1207,174, 0.6842105263157895, 336, 0.6842105263157895, 243, 0.6578947368421053

1226,279, 0.7368421052631579, 214, 0.7105263157894737, 125, 0.6842105263157895

1238,831, 0.631578947368421, 739, 0.5789473684210527, 1029, 0.5789473684210527

1239,347, 0.6842105263157895, 174, 0.6578947368421053, 279, 0.6578947368421053

1246,554, 0.7105263157894737, 597, 0.7105263157894737, 607, 0.6842105263157895

1247,174, 0.7368421052631579, 166, 0.7105263157894737, 178, 0.6842105263157895

116,755, 0.7631578947368421, 936, 0.7105263157894737, 546, 0.6842105263157895

117,755, 0.7105263157894737, 897, 0.7105263157894737, 541, 0.6842105263157895

134,813, 0.6842105263157895, 527, 0.6578947368421053, 639, 0.6578947368421053

146,344, 0.6842105263157895, 270, 0.6578947368421053, 1016, 0.6578947368421053

147,270, 0.7368421052631579, 497, 0.7105263157894737, 1152, 0.7105263157894737

149,1152, 0.6842105263157895, 1156, 0.6578947368421053, 146, 0.631578947368421

179,732, 0.7368421052631579, 662, 0.6842105263157895, 680, 0.6842105263157895

187,947, 0.7368421052631579, 578, 0.7105263157894737, 639, 0.7105263157894737

190,344, 0.6842105263157895, 1152, 0.6842105263157895, 1156, 0.6842105263157895

209,704, 0.6578947368421053, 732, 0.6578947368421053, 897, 0.6578947368421053

232,696, 0.7105263157894737, 718, 0.6842105263157895, 546, 0.6578947368421053

234,147, 0.631578947368421, 190, 0.5789473684210527, 149, 0.5526315789473685

237,639, 0.7105263157894737, 546, 0.6578947368421053, 748, 0.6578947368421053

238,813, 0.7105263157894737, 1112, 0.7105263157894737, 755, 0.6842105263157895

258,571, 0.6578947368421053, 770, 0.6052631578947368, 662, 0.5789473684210527

270,147, 0.7368421052631579, 146, 0.6578947368421053, 190, 0.6578947368421053

286,639, 0.7368421052631579, 755, 0.6842105263157895, 760, 0.6578947368421053

344,146, 0.6842105263157895, 147, 0.6842105263157895, 190, 0.6842105263157895

361,897, 0.6842105263157895, 680, 0.631578947368421, 732, 0.631578947368421

384,936, 0.7368421052631579, 897, 0.6842105263157895, 910, 0.6842105263157895

388,546, 0.6578947368421053, 813, 0.6578947368421053, 718, 0.631578947368421

391,748, 0.7368421052631579, 755, 0.7368421052631579, 936, 0.7105263157894737

394,897, 0.7105263157894737, 639, 0.6842105263157895, 718, 0.6842105263157895

404,851, 0.7105263157894737, 662, 0.6578947368421053, 781, 0.631578947368421

410,1016, 0.6578947368421053, 897, 0.631578947368421, 546, 0.6052631578947368

441,544, 0.7105263157894737, 718, 0.7105263157894737, 541, 0.6842105263157895

495,680, 0.6842105263157895, 704, 0.6842105263157895, 732, 0.6842105263157895

497,147, 0.7105263157894737, 344, 0.6578947368421053, 1156, 0.6578947368421053

503,639, 0.6842105263157895, 868, 0.6578947368421053, 916, 0.6578947368421053

527,134, 0.6578947368421053, 441, 0.6578947368421053, 237, 0.631578947368421

541,117, 0.6842105263157895, 441, 0.6842105263157895, 116, 0.6578947368421053

544,441, 0.7105263157894737, 1058, 0.6842105263157895, 116, 0.6578947368421053

546,116, 0.6842105263157895, 117, 0.6578947368421053, 232, 0.6578947368421053

571,258, 0.6578947368421053, 286, 0.5, 209, 0.47368421052631576

578,187, 0.7105263157894737, 441, 0.6842105263157895, 116, 0.5789473684210527

614,1220, 0.6578947368421053, 116, 0.631578947368421, 179, 0.631578947368421

623,384, 0.5789473684210527, 286, 0.5526315789473685, 441, 0.5263157894736842

639,286, 0.7368421052631579, 187, 0.7105263157894737, 237, 0.7105263157894737

662,179, 0.6842105263157895, 404, 0.6578947368421053, 116, 0.631578947368421

680,116, 0.6842105263157895, 179, 0.6842105263157895, 441, 0.6842105263157895

696,232, 0.7105263157894737, 1220, 0.7105263157894737, 116, 0.6842105263157895

702,187, 0.631578947368421, 495, 0.6052631578947368, 209, 0.5526315789473685

704,495, 0.6842105263157895, 1220, 0.6842105263157895, 116, 0.6578947368421053

714,116, 0.5789473684210527, 209, 0.5789473684210527, 404, 0.5789473684210527

718,441, 0.7105263157894737, 187, 0.6842105263157895, 232, 0.6842105263157895

732,179, 0.7368421052631579, 1220, 0.7368421052631579, 117, 0.6842105263157895

748,391, 0.7368421052631579, 116, 0.6842105263157895, 187, 0.6578947368421053

752,441, 0.6578947368421053, 116, 0.6052631578947368, 1220, 0.6052631578947368

753,187, 0.7105263157894737, 116, 0.6842105263157895, 391, 0.6578947368421053

755,116, 0.7631578947368421, 391, 0.7368421052631579, 117, 0.7105263157894737

760,286, 0.6578947368421053, 187, 0.631578947368421, 232, 0.631578947368421

770,116, 0.6578947368421053, 117, 0.6578947368421053, 361, 0.631578947368421

781,1220, 0.6842105263157895, 187, 0.631578947368421, 209, 0.631578947368421

813,238, 0.7105263157894737, 134, 0.6842105263157895, 394, 0.6842105263157895

832,116, 0.631578947368421, 391, 0.6052631578947368, 441, 0.6052631578947368

835,441, 0.6578947368421053, 1058, 0.6578947368421053, 179, 0.631578947368421

845,117, 0.5789473684210527, 238, 0.5789473684210527, 404, 0.5789473684210527

851,404, 0.7105263157894737, 232, 0.6578947368421053, 361, 0.631578947368421

868,187, 0.6578947368421053, 232, 0.6578947368421053, 503, 0.6578947368421053

897,117, 0.7105263157894737, 394, 0.7105263157894737, 116, 0.6842105263157895

898,187, 0.6842105263157895, 441, 0.6842105263157895, 237, 0.631578947368421

910,1220, 0.7368421052631579, 1058, 0.7105263157894737, 116, 0.6842105263157895

916,503, 0.6578947368421053, 286, 0.5789473684210527, 1249, 0.5526315789473685

936,384, 0.7368421052631579, 116, 0.7105263157894737, 391, 0.7105263157894737

947,187, 0.7368421052631579, 116, 0.6842105263157895, 117, 0.6842105263157895

963,238, 0.6842105263157895, 116, 0.6578947368421053, 384, 0.6578947368421053

980,116, 0.6842105263157895, 187, 0.6578947368421053, 209, 0.6578947368421053

1004,936, 0.7105263157894737, 910, 0.6842105263157895, 732, 0.6578947368421053

1016,179, 0.6842105263157895, 1220, 0.6842105263157895, 146, 0.6578947368421053

1025,1058, 0.6578947368421053, 1077, 0.631578947368421, 1179, 0.5789473684210527

1058,1178, 0.7894736842105263, 1077, 0.7631578947368421, 910, 0.7105263157894737

1073,1058, 0.7105263157894737, 117, 0.6842105263157895, 1220, 0.6578947368421053

1077,1058, 0.7631578947368421, 1004, 0.631578947368421, 1025, 0.631578947368421

1112,238, 0.7105263157894737, 117, 0.631578947368421, 179, 0.631578947368421

1136,1058, 0.6842105263157895, 187, 0.6578947368421053, 232, 0.6578947368421053

1152,1156, 0.7368421052631579, 147, 0.7105263157894737, 149, 0.6842105263157895

1156,1152, 0.7368421052631579, 147, 0.7105263157894737, 190, 0.6842105263157895

1178,1058, 0.7894736842105263, 1234, 0.6842105263157895, 134, 0.6578947368421053

1179,190, 0.6578947368421053, 147, 0.631578947368421, 1016, 0.631578947368421

1220,732, 0.7368421052631579, 910, 0.7368421052631579, 696, 0.7105263157894737

1234,1178, 0.6842105263157895, 755, 0.6578947368421053, 897, 0.6578947368421053

1236,237, 0.6052631578947368, 116, 0.5789473684210527, 187, 0.5789473684210527

1242,1058, 0.6578947368421053, 116, 0.631578947368421, 187, 0.631578947368421

1249,732, 0.6578947368421053, 544, 0.631578947368421, 835, 0.631578947368421

1277,495, 0.631578947368421, 1058, 0.631578947368421, 187, 0.6052631578947368

1279,441, 0.6052631578947368, 187, 0.5789473684210527, 1220, 0.5789473684210527

138,880, 0.5789473684210527, 754, 0.5263157894736842, 626, 0.5

153,802, 0.7368421052631579, 596, 0.7105263157894737, 694, 0.6578947368421053

154,694, 0.7368421052631579, 705, 0.7105263157894737, 642, 0.6842105263157895

168,596, 0.7105263157894737, 761, 0.6842105263157895, 932, 0.6842105263157895

189,626, 0.6578947368421053, 736, 0.631578947368421, 754, 0.631578947368421

200,880, 0.7105263157894737, 806, 0.6052631578947368, 736, 0.5789473684210527

208,596, 0.6052631578947368, 626, 0.5526315789473685, 642, 0.5526315789473685

218,802, 0.7631578947368421, 834, 0.7105263157894737, 694, 0.6578947368421053

236,642, 0.7368421052631579, 754, 0.7105263157894737, 761, 0.6842105263157895

241,1015, 0.5263157894736842, 514, 0.47368421052631576

289,761, 0.7368421052631579, 596, 0.6842105263157895, 642, 0.6842105263157895

299,642, 0.631578947368421, 686, 0.631578947368421, 754, 0.631578947368421

309,715, 0.631578947368421, 596, 0.6052631578947368, 802, 0.6052631578947368

327,1262, 0.7894736842105263, 736, 0.7105263157894737, 596, 0.6842105263157895

333,761, 0.7894736842105263, 769, 0.6842105263157895, 961, 0.6842105263157895

338,754, 0.7105263157894737, 626, 0.6578947368421053, 730, 0.6578947368421053

392,626, 0.6578947368421053, 754, 0.631578947368421, 880, 0.6052631578947368

419,642, 0.631578947368421, 698, 0.631578947368421, 761, 0.631578947368421

447,834, 0.6578947368421053, 754, 0.631578947368421, 698, 0.6052631578947368

513,802, 0.8421052631578947, 811, 0.6578947368421053, 596, 0.631578947368421

514,1015, 0.7631578947368421, 241, 0.47368421052631576

596,153, 0.7105263157894737, 168, 0.7105263157894737, 289, 0.6842105263157895

626,1140, 0.7631578947368421, 189, 0.6578947368421053, 327, 0.6578947368421053

642,236, 0.7368421052631579, 1139, 0.7368421052631579, 154, 0.6842105263157895

686,289, 0.6842105263157895, 1139, 0.6842105263157895, 327, 0.6578947368421053

694,154, 0.7368421052631579, 1219, 0.6842105263157895, 153, 0.6578947368421053

697,168, 0.631578947368421, 333, 0.6052631578947368, 1140, 0.6052631578947368

698,154, 0.6578947368421053, 327, 0.6578947368421053, 289, 0.631578947368421

705,154, 0.7105263157894737, 168, 0.6578947368421053, 1219, 0.6578947368421053

715,154, 0.631578947368421, 309, 0.631578947368421, 189, 0.6052631578947368

730,154, 0.6578947368421053, 338, 0.6578947368421053, 218, 0.6052631578947368

735,218, 0.631578947368421, 1030, 0.631578947368421, 189, 0.6052631578947368

736,327, 0.7105263157894737, 1219, 0.7105263157894737, 1030, 0.6842105263157895

754,236, 0.7105263157894737, 338, 0.7105263157894737, 154, 0.6842105263157895

761,333, 0.7894736842105263, 289, 0.7368421052631579, 1139, 0.7368421052631579

769,333, 0.6842105263157895, 1030, 0.6578947368421053, 1140, 0.631578947368421

795,1140, 0.6578947368421053, 168, 0.631578947368421, 1139, 0.631578947368421

801,333, 0.5789473684210527, 419, 0.5526315789473685, 1140, 0.5526315789473685

802,513, 0.8421052631578947, 218, 0.7631578947368421, 153, 0.7368421052631579

806,289, 0.6578947368421053, 327, 0.6578947368421053, 1139, 0.6578947368421053

811,1139, 0.7105263157894737, 218, 0.6578947368421053, 513, 0.6578947368421053

834,218, 0.7105263157894737, 447, 0.6578947368421053, 289, 0.6052631578947368

862,1139, 0.6842105263157895, 289, 0.6578947368421053, 1140, 0.6578947368421053

880,200, 0.7105263157894737, 327, 0.6842105263157895, 168, 0.6578947368421053

923,153, 0.6052631578947368, 154, 0.6052631578947368, 236, 0.6052631578947368

932,168, 0.6842105263157895, 1139, 0.631578947368421, 289, 0.6052631578947368

961,333, 0.6842105263157895, 327, 0.631578947368421, 1030, 0.631578947368421

1015,514, 0.7631578947368421, 1030, 0.6578947368421053, 333, 0.6052631578947368

1030,1190, 0.7894736842105263, 736, 0.6842105263157895, 761, 0.6842105263157895

1139,642, 0.7368421052631579, 761, 0.7368421052631579, 811, 0.7105263157894737

1140,626, 0.7631578947368421, 736, 0.6842105263157895, 761, 0.6842105263157895

1148,730, 0.6052631578947368, 806, 0.6052631578947368, 735, 0.5789473684210527

1190,1030, 0.7894736842105263

1219,736, 0.7105263157894737, 761, 0.7105263157894737, 694, 0.6842105263157895

1224,218, 0.6578947368421053, 327, 0.6578947368421053, 1139, 0.6578947368421053

1231,327, 0.6052631578947368, 1140, 0.6052631578947368, 289, 0.5526315789473685

1259,154, 0.6578947368421053, 218, 0.631578947368421, 327, 0.6052631578947368

1262,327, 0.7894736842105263, 154, 0.631578947368421, 333, 0.5789473684210527

151,870, 0.7368421052631579, 660, 0.6578947368421053, 687, 0.6578947368421053

183,632, 0.6052631578947368, 1131, 0.6052631578947368, 627, 0.5789473684210527

186,687, 0.7631578947368421, 870, 0.7368421052631579, 528, 0.6578947368421053

217,687, 0.7105263157894737, 660, 0.6842105263157895, 1088, 0.6578947368421053

222,1093, 0.6842105263157895, 1191, 0.6052631578947368, 1205, 0.5

231,873, 0.6842105263157895, 535, 0.6578947368421053, 820, 0.6578947368421053

235,1254, 0.631578947368421, 528, 0.6052631578947368, 550, 0.6052631578947368

250,1131, 0.6052631578947368, 1254, 0.6052631578947368, 535, 0.5789473684210527

305,722, 0.6842105263157895, 870, 0.6842105263157895, 1254, 0.6842105263157895

332,687, 0.7368421052631579, 870, 0.6842105263157895, 535, 0.6578947368421053

409,722, 0.6842105263157895, 870, 0.6578947368421053, 1131, 0.6578947368421053

528,186, 0.6578947368421053, 1115, 0.6578947368421053, 305, 0.631578947368421

535,231, 0.6578947368421053, 332, 0.6578947368421053, 1115, 0.6578947368421053

545,1127, 0.6578947368421053, 231, 0.631578947368421, 235, 0.5526315789473685

550,235, 0.6052631578947368, 151, 0.5789473684210527, 217, 0.5789473684210527

553,1115, 0.631578947368421, 1183, 0.6052631578947368, 186, 0.5789473684210527

581,305, 0.6052631578947368, 409, 0.6052631578947368, 1115, 0.6052631578947368

617,1183, 0.7105263157894737, 186, 0.631578947368421, 1115, 0.6052631578947368

620,1183, 0.631578947368421, 186, 0.6052631578947368, 217, 0.6052631578947368

627,1115, 0.6578947368421053, 1183, 0.6578947368421053, 186, 0.6052631578947368

632,183, 0.6052631578947368, 305, 0.5789473684210527, 231, 0.5526315789473685

658,1127, 0.7105263157894737, 409, 0.5789473684210527, 1115, 0.5789473684210527

660,217, 0.6842105263157895, 151, 0.6578947368421053, 186, 0.6578947368421053

687,186, 0.7631578947368421, 332, 0.7368421052631579, 217, 0.7105263157894737

711,332, 0.6052631578947368, 305, 0.5789473684210527, 409, 0.5789473684210527

722,305, 0.6842105263157895, 409, 0.6842105263157895, 1115, 0.631578947368421

743,305, 0.631578947368421, 332, 0.631578947368421, 1233, 0.6052631578947368

768,1115, 0.6842105263157895, 151, 0.631578947368421, 186, 0.631578947368421

820,231, 0.6578947368421053, 332, 0.6578947368421053, 186, 0.6052631578947368

822,186, 0.631578947368421, 409, 0.631578947368421, 217, 0.5789473684210527

827,231, 0.6052631578947368, 183, 0.5789473684210527, 1142, 0.5789473684210527

830,305, 0.631578947368421, 1183, 0.6052631578947368, 250, 0.5789473684210527

870,151, 0.7368421052631579, 186, 0.7368421052631579, 305, 0.6842105263157895

873,231, 0.6842105263157895, 1115, 0.6842105263157895, 235, 0.5789473684210527

945,1115, 0.7631578947368421, 151, 0.631578947368421, 332, 0.631578947368421

958,186, 0.5526315789473685, 231, 0.5526315789473685, 1183, 0.5526315789473685

978,231, 0.6052631578947368, 305, 0.6052631578947368, 250, 0.5526315789473685

1088,217, 0.6578947368421053, 305, 0.6578947368421053, 186, 0.6052631578947368

1093,222, 0.6842105263157895, 1191, 0.47368421052631576, 1205, 0.47368421052631576

1115,945, 0.7631578947368421, 768, 0.6842105263157895, 870, 0.6842105263157895

1127,658, 0.7105263157894737, 545, 0.6578947368421053, 722, 0.6052631578947368

1131,409, 0.6578947368421053, 151, 0.631578947368421, 186, 0.631578947368421

1142,660, 0.631578947368421, 620, 0.6052631578947368, 870, 0.6052631578947368

1168,1173, 0.6578947368421053, 231, 0.6052631578947368, 409, 0.6052631578947368

1173,687, 0.6578947368421053, 1168, 0.6578947368421053, 535, 0.6052631578947368

1183,617, 0.7105263157894737, 627, 0.6578947368421053, 687, 0.6578947368421053

1191,222, 0.6052631578947368, 1205, 0.5263157894736842, 1093, 0.47368421052631576

1205,151, 0.6578947368421053, 217, 0.631578947368421, 186, 0.6052631578947368

1233,722, 0.6052631578947368, 743, 0.6052631578947368, 870, 0.6052631578947368

1252,1115, 0.5

1254,305, 0.6842105263157895, 1115, 0.6578947368421053, 235, 0.631578947368421

1268,305, 0.6578947368421053, 1115, 0.6578947368421053, 217, 0.631578947368421

112,647, 0.6052631578947368, 540, 0.5526315789473685

114,992, 0.7368421052631579, 398, 0.6578947368421053, 383, 0.5789473684210527

115,922, 0.7631578947368421, 982, 0.6842105263157895, 1162, 0.631578947368421

124,766, 0.6842105263157895, 703, 0.6578947368421053, 525, 0.631578947368421

128,766, 0.6842105263157895, 577, 0.631578947368421, 883, 0.6052631578947368

162,398, 0.7105263157894737, 383, 0.6052631578947368, 1162, 0.47368421052631576

175,525, 0.631578947368421, 536, 0.631578947368421, 540, 0.6052631578947368

192,647, 0.6052631578947368, 992, 0.6052631578947368, 577, 0.5789473684210527

233,540, 0.5526315789473685, 536, 0.5263157894736842, 1240, 0.5

255,901, 0.6578947368421053, 921, 0.6578947368421053, 525, 0.6052631578947368

269,552, 0.8157894736842105, 992, 0.7368421052631579, 536, 0.6578947368421053

293,568, 0.7368421052631579, 548, 0.7105263157894737, 525, 0.6842105263157895

298,540, 0.7105263157894737, 901, 0.6842105263157895, 1240, 0.6842105263157895

301,552, 0.7631578947368421, 992, 0.7631578947368421, 842, 0.6578947368421053

350,525, 0.6052631578947368, 548, 0.6052631578947368, 667, 0.6052631578947368

355,538, 0.631578947368421, 1240, 0.631578947368421, 536, 0.6052631578947368

383,1162, 0.7105263157894737, 398, 0.631578947368421, 162, 0.6052631578947368

387,1240, 0.5789473684210527, 540, 0.5526315789473685, 536, 0.5263157894736842

397,921, 0.631578947368421, 766, 0.5526315789473685, 784, 0.5526315789473685

398,162, 0.7105263157894737, 114, 0.6578947368421053, 383, 0.631578947368421

400,921, 0.6052631578947368, 766, 0.5263157894736842, 883, 0.5263157894736842

429,922, 0.7105263157894737, 992, 0.7105263157894737, 552, 0.631578947368421

430,922, 0.7105263157894737, 525, 0.6842105263157895, 548, 0.6842105263157895

470,525, 0.6052631578947368, 667, 0.5789473684210527, 922, 0.5789473684210527

472,883, 0.631578947368421, 922, 0.631578947368421, 525, 0.5789473684210527

511,992, 0.6842105263157895, 842, 0.6578947368421053, 922, 0.6578947368421053

525,1035, 0.7105263157894737, 293, 0.6842105263157895, 430, 0.6842105263157895

536,269, 0.6578947368421053, 1011, 0.6578947368421053, 1035, 0.6578947368421053

538,355, 0.631578947368421, 255, 0.6052631578947368, 1011, 0.6052631578947368

540,298, 0.7105263157894737, 293, 0.6842105263157895, 1011, 0.631578947368421

548,293, 0.7105263157894737, 430, 0.6842105263157895, 1011, 0.6842105263157895

552,269, 0.8157894736842105, 301, 0.7631578947368421, 990, 0.6842105263157895

568,293, 0.7368421052631579, 1011, 0.6578947368421053, 1137, 0.631578947368421

577,1125, 0.6842105263157895, 128, 0.631578947368421, 1062, 0.631578947368421

647,112, 0.6052631578947368, 192, 0.6052631578947368

667,350, 0.6052631578947368, 430, 0.6052631578947368, 124, 0.5789473684210527

675,293, 0.6052631578947368, 255, 0.5263157894736842, 269, 0.5263157894736842

703,124, 0.6578947368421053, 269, 0.631578947368421, 301, 0.631578947368421

766,124, 0.6842105263157895, 128, 0.6842105263157895, 298, 0.6578947368421053

782,1017, 0.7105263157894737, 124, 0.5789473684210527, 293, 0.5789473684210527

784,115, 0.5789473684210527, 397, 0.5526315789473685, 175, 0.47368421052631576

841,1035, 0.5789473684210527, 511, 0.5, 1062, 0.5

842,293, 0.6578947368421053, 301, 0.6578947368421053, 511, 0.6578947368421053

883,1011, 0.7105263157894737, 430, 0.631578947368421, 472, 0.631578947368421

901,298, 0.6842105263157895, 255, 0.6578947368421053, 430, 0.631578947368421

921,255, 0.6578947368421053, 293, 0.631578947368421, 397, 0.631578947368421

922,115, 0.7631578947368421, 429, 0.7105263157894737, 430, 0.7105263157894737

939,1062, 0.6052631578947368, 255, 0.5789473684210527, 1137, 0.5789473684210527

982,115, 0.6842105263157895, 124, 0.631578947368421, 1125, 0.631578947368421

990,992, 0.7105263157894737, 552, 0.6842105263157895, 1011, 0.6578947368421053

992,301, 0.7631578947368421, 114, 0.7368421052631579, 269, 0.7368421052631579

1011,883, 0.7105263157894737, 525, 0.6842105263157895, 548, 0.6842105263157895

1017,782, 0.7105263157894737, 766, 0.6578947368421053, 525, 0.631578947368421

1035,525, 0.7105263157894737, 1123, 0.7105263157894737, 548, 0.6842105263157895

1047,1035, 0.6842105263157895, 536, 0.6578947368421053, 922, 0.6578947368421053

1062,766, 0.6578947368421053, 577, 0.631578947368421, 703, 0.631578947368421

1092,883, 0.6052631578947368, 921, 0.5789473684210527, 922, 0.5789473684210527

1123,1035, 0.7105263157894737, 1125, 0.6052631578947368, 511, 0.5789473684210527

1125,577, 0.6842105263157895, 1011, 0.6842105263157895, 703, 0.631578947368421

1137,525, 0.631578947368421, 540, 0.631578947368421, 548, 0.631578947368421

1162,383, 0.7105263157894737, 115, 0.631578947368421, 1137, 0.6052631578947368

1164,1137, 0.6052631578947368, 115, 0.5789473684210527, 511, 0.5789473684210527

1171,255, 0.6052631578947368, 293, 0.6052631578947368, 1062, 0.6052631578947368

1240,298, 0.6842105263157895, 301, 0.6578947368421053, 293, 0.631578947368421

1269,766, 0.631578947368421, 922, 0.6052631578947368, 1240, 0.5789473684210527

1280,115, 0.6052631578947368, 430, 0.6052631578947368, 1125, 0.5789473684210527

119,685, 0.7105263157894737, 529, 0.6842105263157895, 888, 0.6842105263157895

121,322, 0.6578947368421053, 999, 0.6052631578947368, 271, 0.5263157894736842

160,879, 0.6842105263157895, 549, 0.631578947368421, 556, 0.631578947368421

185,533, 0.7368421052631579, 685, 0.7368421052631579, 999, 0.7368421052631579

203,601, 0.7894736842105263, 738, 0.7631578947368421, 557, 0.7368421052631579

205,574, 0.6842105263157895, 601, 0.6842105263157895, 726, 0.6578947368421053

219,557, 0.7105263157894737, 685, 0.7105263157894737, 529, 0.6578947368421053

224,677, 0.5526315789473685, 823, 0.5526315789473685, 747, 0.5

249,877, 0.5789473684210527, 529, 0.5263157894736842, 533, 0.5263157894736842

271,322, 0.5789473684210527, 999, 0.5526315789473685, 121, 0.5263157894736842

276,533, 0.6578947368421053, 999, 0.6578947368421053, 733, 0.631578947368421

290,556, 0.7368421052631579, 572, 0.7105263157894737, 888, 0.7105263157894737

307,533, 0.7894736842105263, 930, 0.7105263157894737, 877, 0.6578947368421053

314,601, 0.7368421052631579, 1155, 0.7368421052631579, 533, 0.631578947368421

322,121, 0.6578947368421053, 271, 0.5789473684210527, 999, 0.5789473684210527

343,533, 0.8157894736842105, 999, 0.7368421052631579, 685, 0.6578947368421053

351,884, 0.6578947368421053, 941, 0.631578947368421, 622, 0.6052631578947368

353,557, 0.631578947368421, 601, 0.631578947368421, 930, 0.631578947368421

354,920, 0.7368421052631579, 533, 0.6842105263157895, 584, 0.6578947368421053

364,557, 0.7368421052631579, 685, 0.7368421052631579, 738, 0.7105263157894737

380,557, 0.7368421052631579, 601, 0.7368421052631579, 1158, 0.7105263157894737

406,677, 0.7105263157894737, 920, 0.6578947368421053, 941, 0.6578947368421053

424,533, 0.7105263157894737, 685, 0.7105263157894737, 899, 0.6842105263157895

426,572, 0.6842105263157895, 601, 0.6842105263157895, 884, 0.6578947368421053

478,685, 0.7105263157894737, 738, 0.6578947368421053, 557, 0.631578947368421

529,119, 0.6842105263157895, 219, 0.6578947368421053, 1232, 0.631578947368421

533,343, 0.8157894736842105, 307, 0.7894736842105263, 1199, 0.7631578947368421

549,160, 0.631578947368421, 119, 0.6052631578947368, 290, 0.6052631578947368

556,290, 0.7368421052631579, 160, 0.631578947368421, 406, 0.631578947368421

557,203, 0.7368421052631579, 364, 0.7368421052631579, 380, 0.7368421052631579

572,290, 0.7105263157894737, 426, 0.6842105263157895, 203, 0.631578947368421

574,205, 0.6842105263157895, 1159, 0.6578947368421053, 119, 0.631578947368421

584,354, 0.6578947368421053, 343, 0.631578947368421, 380, 0.631578947368421

601,203, 0.7894736842105263, 314, 0.7368421052631579, 380, 0.7368421052631579

622,1094, 0.7105263157894737, 119, 0.631578947368421, 314, 0.631578947368421

659,1159, 0.6842105263157895, 380, 0.6578947368421053, 119, 0.631578947368421

677,406, 0.7105263157894737, 1263, 0.6578947368421053, 119, 0.631578947368421

685,1232, 0.7894736842105263, 185, 0.7368421052631579, 203, 0.7368421052631579

726,1199, 0.7105263157894737, 205, 0.6578947368421053, 290, 0.631578947368421

733,290, 0.6842105263157895, 380, 0.6842105263157895, 1198, 0.6842105263157895

738,203, 0.7631578947368421, 1199, 0.7631578947368421, 364, 0.7105263157894737

747,119, 0.6052631578947368, 406, 0.6052631578947368, 1199, 0.6052631578947368

787,185, 0.631578947368421, 1198, 0.631578947368421, 1199, 0.631578947368421

823,364, 0.6578947368421053, 380, 0.631578947368421, 343, 0.6052631578947368

877,380, 0.6842105263157895, 1091, 0.6842105263157895, 119, 0.6578947368421053

879,160, 0.6842105263157895, 1159, 0.6578947368421053, 1091, 0.631578947368421

884,203, 0.7368421052631579, 364, 0.6842105263157895, 119, 0.6578947368421053

888,1199, 0.7631578947368421, 290, 0.7105263157894737, 119, 0.6842105263157895

899,1159, 0.7368421052631579, 203, 0.7105263157894737, 424, 0.6842105263157895

920,354, 0.7368421052631579, 380, 0.6842105263157895, 1159, 0.6842105263157895

930,307, 0.7105263157894737, 364, 0.7105263157894737, 119, 0.631578947368421

941,203, 0.6842105263157895, 1091, 0.6842105263157895, 364, 0.6578947368421053

999,1199, 0.7894736842105263, 1198, 0.7631578947368421, 185, 0.7368421052631579

1087,1217, 0.7105263157894737, 1232, 0.7105263157894737, 185, 0.6578947368421053

1091,557, 0.7368421052631579, 601, 0.7368421052631579, 1155, 0.7368421052631579

1094,622, 0.7105263157894737, 733, 0.6578947368421053, 884, 0.6578947368421053

1099,557, 0.7368421052631579, 877, 0.631578947368421, 884, 0.631578947368421

1122,685, 0.6578947368421053, 899, 0.6578947368421053, 557, 0.631578947368421

1155,1198, 0.7631578947368421, 1217, 0.7631578947368421, 314, 0.7368421052631579

1158,1159, 0.7368421052631579, 380, 0.7105263157894737, 290, 0.6842105263157895

1159,899, 0.7368421052631579, 1158, 0.7368421052631579, 659, 0.6842105263157895

1185,1199, 0.631578947368421, 1159, 0.5789473684210527, 119, 0.5526315789473685

1188,1155, 0.7105263157894737, 823, 0.6052631578947368, 999, 0.6052631578947368

1198,999, 0.7631578947368421, 1155, 0.7631578947368421, 533, 0.7368421052631579

1199,999, 0.7894736842105263, 533, 0.7631578947368421, 738, 0.7631578947368421

1217,1155, 0.7631578947368421, 533, 0.7105263157894737, 557, 0.7105263157894737

1232,685, 0.7894736842105263, 1087, 0.7105263157894737, 533, 0.6842105263157895

1263,677, 0.6578947368421053, 884, 0.6578947368421053, 733, 0.5789473684210527

123,464, 0.5789473684210527, 155, 0.5, 1138, 0.47368421052631576

148,656, 0.631578947368421, 674, 0.6052631578947368, 652, 0.5789473684210527

155,464, 0.6052631578947368, 123, 0.5, 1138, 0.47368421052631576

163,872, 0.631578947368421, 1160, 0.631578947368421, 908, 0.6052631578947368

216,633, 0.6052631578947368, 886, 0.6052631578947368, 1160, 0.6052631578947368

226,908, 0.6578947368421053, 881, 0.631578947368421, 944, 0.631578947368421

247,918, 0.631578947368421, 674, 0.6052631578947368, 881, 0.5789473684210527

252,674, 0.6578947368421053, 560, 0.5789473684210527, 881, 0.5789473684210527

256,600, 0.631578947368421, 854, 0.6052631578947368, 908, 0.6052631578947368

281,648, 0.6578947368421053, 854, 0.631578947368421, 532, 0.5789473684210527

291,674, 0.6842105263157895, 600, 0.631578947368421, 532, 0.5789473684210527

292,656, 0.631578947368421, 881, 0.5789473684210527, 648, 0.5526315789473685

302,648, 0.7105263157894737, 908, 0.6842105263157895, 560, 0.6578947368421053

324,652, 0.6842105263157895, 593, 0.6052631578947368, 644, 0.6052631578947368

331,656, 0.6842105263157895, 872, 0.631578947368421, 881, 0.631578947368421

375,882, 0.6842105263157895, 593, 0.6578947368421053, 649, 0.631578947368421

390,593, 0.7894736842105263, 633, 0.7105263157894737, 649, 0.6842105263157895

401,656, 0.631578947368421, 872, 0.6052631578947368, 532, 0.5789473684210527

408,656, 0.6052631578947368, 532, 0.5526315789473685, 560, 0.5263157894736842

462,593, 0.7631578947368421, 927, 0.7631578947368421, 652, 0.7368421052631579

464,1138, 0.631578947368421, 155, 0.6052631578947368, 123, 0.5789473684210527

479,532, 0.7368421052631579, 605, 0.7105263157894737, 908, 0.7105263157894737

483,634, 0.6578947368421053, 674, 0.6578947368421053, 560, 0.631578947368421

532,479, 0.7368421052631579, 226, 0.6052631578947368, 462, 0.6052631578947368

560,1135, 0.6842105263157895, 302, 0.6578947368421053, 1276, 0.6578947368421053

561,1027, 0.6052631578947368, 613, 0.5789473684210527, 1000, 0.5789473684210527

570,479, 0.631578947368421, 291, 0.5526315789473685, 462, 0.5

593,390, 0.7894736842105263, 462, 0.7631578947368421, 479, 0.6842105263157895

600,256, 0.631578947368421, 291, 0.631578947368421, 479, 0.6052631578947368

605,479, 0.7105263157894737, 462, 0.6578947368421053, 1000, 0.6578947368421053

613,1110, 0.6842105263157895, 1000, 0.631578947368421, 1027, 0.6052631578947368

633,390, 0.7105263157894737, 462, 0.6578947368421053, 479, 0.6578947368421053

634,483, 0.6578947368421053, 479, 0.631578947368421, 1110, 0.631578947368421

644,462, 0.6842105263157895, 483, 0.631578947368421, 1000, 0.631578947368421

648,302, 0.7105263157894737, 479, 0.6842105263157895, 281, 0.6578947368421053

649,390, 0.6842105263157895, 375, 0.631578947368421, 462, 0.6052631578947368

652,462, 0.7368421052631579, 1146, 0.7105263157894737, 324, 0.6842105263157895

656,1166, 0.7631578947368421, 331, 0.6842105263157895, 1027, 0.6842105263157895

661,479, 0.6578947368421053, 1110, 0.6052631578947368, 216, 0.5789473684210527

668,390, 0.6578947368421053, 479, 0.6052631578947368, 1000, 0.6052631578947368

674,1135, 0.7368421052631579, 291, 0.6842105263157895, 252, 0.6578947368421053

678,302, 0.6578947368421053, 479, 0.6052631578947368, 1146, 0.6052631578947368

682,462, 0.631578947368421, 1000, 0.5789473684210527, 291, 0.5

840,462, 0.631578947368421, 483, 0.631578947368421, 479, 0.6052631578947368

854,1027, 0.6578947368421053, 1110, 0.6578947368421053, 281, 0.631578947368421

872,163, 0.631578947368421, 331, 0.631578947368421, 390, 0.631578947368421

881,226, 0.631578947368421, 331, 0.631578947368421, 247, 0.5789473684210527

882,375, 0.6842105263157895, 462, 0.6842105263157895, 479, 0.6578947368421053

886,462, 0.6578947368421053, 479, 0.6578947368421053, 1218, 0.6578947368421053

908,1166, 0.7368421052631579, 479, 0.7105263157894737, 302, 0.6842105263157895

918,479, 0.6842105263157895, 390, 0.6578947368421053, 1000, 0.6578947368421053

927,1166, 0.7894736842105263, 462, 0.7631578947368421, 390, 0.6578947368421053

940,479, 0.6842105263157895, 375, 0.6052631578947368, 462, 0.6052631578947368

944,1166, 0.7105263157894737, 462, 0.6842105263157895, 479, 0.6842105263157895

1000,593, 0.6578947368421053, 605, 0.6578947368421053, 908, 0.6578947368421053

1027,656, 0.6842105263157895, 854, 0.6578947368421053, 927, 0.6578947368421053

1101,561, 0.47368421052631576, 1000, 0.47368421052631576, 1027, 0.42105263157894735

1109,302, 0.631578947368421, 163, 0.5789473684210527, 331, 0.5789473684210527

1110,613, 0.6842105263157895, 908, 0.6842105263157895, 854, 0.6578947368421053

1135,674, 0.7368421052631579, 560, 0.6842105263157895, 593, 0.631578947368421

1138,464, 0.631578947368421, 123, 0.47368421052631576, 155, 0.47368421052631576

1146,652, 0.7105263157894737, 674, 0.631578947368421, 649, 0.6052631578947368

1160,390, 0.6842105263157895, 479, 0.6842105263157895, 163, 0.631578947368421

1166,927, 0.7894736842105263, 656, 0.7631578947368421, 908, 0.7368421052631579

1167,462, 0.7105263157894737, 479, 0.6578947368421053, 375, 0.6052631578947368

1175,1166, 0.6578947368421053, 302, 0.6052631578947368, 390, 0.6052631578947368

1192,390, 0.631578947368421, 302, 0.5789473684210527, 1027, 0.5789473684210527

1218,886, 0.6578947368421053, 648, 0.6052631578947368, 854, 0.6052631578947368

1276,656, 0.6842105263157895, 560, 0.6578947368421053, 652, 0.631578947368421

1266,

416,118, 0.6578947368421053, 1156, 0.6052631578947368, 1152, 0.5789473684210527

815,1077, 0.5526315789473685, 1030, 0.5526315789473685, 511, 0.5263157894736842

